
000000000000000000000000000111111111111111111111111111111111111111111111111111111111111111111111111
000000000000000000000000000111111111111111111111111111111111111111111111111111111111111111111111111
000000000000000000000000000011111111111111111111111111111111111111111111111111111111111111111111111
000000000000000000000000000011111111111111111111111111111111111111111111111111111111111111111111111
000000000000000000000000000011111111111111111111111111111111111111111111111111111111111111111111111
000000000000000000000000000011111111111111111111111111111111111111111111111111111111111111111111111
000000000000000000000000000011111111111111111111111111111111111111111111111111111111111111111111111
000000000000000000000000000001111111111111111111111111111111111111111111111111111111111111111111111
000000000000000000000000000000111111111111111111111111111111111111111111111111111111111111111111111
000000000000000000000000000000111111111111111111111111111111111111111111111111111111111111111111111
000000000000000000000000000001111111111111111111111111111111111111111111111111111111111111111111111
000000000000000000000000000001111111111111111111111111111111111111111111111111111111111111111111111
000000000000000000000000000001111111111111111111111111111111111111111111111111111111111111111111111
000000000000000000000000000001111111111111111111111111111111111111111111111111111111111111111111111
000000000000000000000000000001111111111111111111111111111111111111111111111111111111111111111111111
000000000000000000000000000011111111111111111111111111111111111111111111111111111111111111111111111
000000000000000000000000000011111111111111111111111111111111111111111111111111111111111111111111111
000000000000000000000000000011111111111111111111111111111111111111111111111111111111111111111111111
000000000000000000000000000011111111111111111111111111111111111111111111111111111111111111111111111
000000000000000000000000000011111111111111111111111111111111111111111111111111111111111111111111111
000000000000000000000000000001111111111111111111111111111111111111111111111111111111111111111111111
000000000000000000000000000001111111111111111111111111111111111111111111111111111111111111111111111
000000000000000000000000000001111111111111111111111111111111111111111111111111111111111111111111111
000000000000000000000000000001111111111111111111111111111111111111111111111111111111111111111111111
000000000000000000000000000000111111111111111111111111111111111111111111111111111111111111111111111
000000000000001111100000000000111111111111111111111111111111111111111111111111111111111111111111111
000000000000011111110000000000111111111111111111111111111111111111111111111111111111111111111111111
000000000000111111111000000000111111111111111111111111111111111111111111111111111111111111111111111
000000000000111111111000000000011111111111111111111111111111111111111111111111111111111111111111111
000000000001111111111000000000011111111111111111111111111111111111111111111111111111111111111111111
000000000001111111110000000000011111111111111111111111111111111111111111111111111111111111111111111
000000000011111111111000000000011111111111111111111111111111111111111111111111111111111111111111111
000000000011111111111100000000001111111111111111111111111111111111111111111111111111111111111111111
000000000111111111111110000000000111111111111111111111111111111111111111111111111111111111111111111
000000000111111111111111000000000011111111111111111111111111111111111111111111111111111111111111111
000000000111111111111111100000000001111111111111111111111111111111111111111111111111111111111111111
000000000111111111111111100000000000111111111111111111111111111111111111111111111111111111111111111
000000000111111111111111100000000000111111111111111111111111111111111111111111111111111111111111111
000000000111111111111111110000000000111111111111111111111111111111111111111111111111111111111111111
000000000111111111111111100000000000011111111111111111111111111111111111111111111111111111111111111
000000000111111111111111100000000000011111111111111111111111111111111111111111111111111111111111111
000000000011111111111111000000000000001111111111111111111111111111111111111111111111111111111111111
000000000011111111111110000000000000001111111111111111111111111111111111111111111111111111111111111
000000000001111111111110000000000000001111111111111111111111111111111111111111111111111111111111111
000000000000111111111100000000000000000111111111111111111111111111111111111111111111111111111111111
000000000000001111111000000000000000000111111111111111111111111111111111111111111111111111111111111
000000000000000011111000000000000000000011111111111111111111111111111111111111111111111111111111111
000000000000000000110000000000000000000011111111111111111111111111111111111111111111111111111111111
000000000000000000000000000000000000000001111111111111111111111111111111111111111111111111111111111
000000000000000000000000000000000000000001111111111111111111111111111111111111111111111111111111111
000000000000000000000000000000000000000001111111111111111111111111111111111111111111111111111111111
000000000000000000000000111000000000000000111111111111111111111111111111111111111111111111111111111
000000000000000000000011111000000000000000111111111111111111111111111111111111111111111111111111111
000000000000000000011111111100000000000000011111111111111111111111111111111111111111111111111111111
000000000000000001111111111111110000000000011111111111111111111111111111111111111111111111111111111
000000000000000111111111111111111000000000011111111111111111111111111111111111111111111111111111111
000000000000001111111111111111111100000000011111111111111111111111111111111111111111111111111111111
000000000000001111111111111111111110000000011111111111111111111111111111111111111111111111111111111
000000000000001111111111111111111111000000011111111111111111111111111111111111111111111111111111111
000000000000011111111111111111111111000000011111111111111111111111111111111111111111111111111111111
000000000000011111111111111111111111100000011111111111111111111111111111111111111111111111111111111
000000000000111111111111111111111111100000011111111111111111111111111111111111111111111111111111111
110000000000111111111111111111111111110000011111111111111111111111111111111111111111111111111111111
111000000000111111111111111111111111110000011111111111111111111111111111111111111111111111111111111
111100000001111111111111111111111111110000011111111111111111111111111111111111111111111111111111111
111100000001111111111111111111111111110000011111111111111111111111111111111111111111111111111111111
111000000001111111111111111111111111110000011111111111111111111111111111111111111111111111111111111
111000000001111111111111111111111111110000011111111111111111111111111111111111111111111111111111111
110000000001111111111111111111111111110000011111111111111111111111111111111111111111111111111111111
111100000001111111111111111111111111100000011111111111111111111111111111111111111111111111111111111
111100000001111111111111111111111111100000001111111111111111111111111111111111111111111111111111111
111100000001111111111111111111111111100000001111111111111111111111111111111111111111111111111111111
111000000001111111111111111111111111100000001111111111111111111111111111111111111111111111111111111
110000000001111111111111111111111111100000001111111111111111111111111111111111111111111111111111111
110000000001111111111111111111111111100000000111111111111111111111111111111111111111111111111111111
110000000001111111111111111111111111100000000111111111111111111111111111111111111111111111111111111
110000000001111111111111111111111111000000000111111111111111111111111111111111111111111111111111111
100000000001111111111111111111111111000000000111111111111111111111111111111111111111111111111111111
000000000001111111111111111111111110000000000111111111111111111111111111111111111111111111111111111
000000000000111111111111111111111100000000000011111111111111111111111111111111111111111111111111111
000000000000111111111111111111111000000000000011111111111111111111111111111111111111111111111111111
000000000000111111111111111111110000000000000011111111111111111111111111111111111111111111111111111
000000000000111111111111111111110000000000000011111111111111111111111111111111111111111111111111111
000000000011111111111111111111110000000000000011111111111111111111111111111111111111111111111111111
000000000111111111111111111111110000000000000011111111111111111111111111111111111111111111111111111
000000000111111111111111111111110000000000000011111111111111111111111111111111111111111111111111111
000000000111111111111111111111100000000000000011111111111111111111111111111111111111111111111111111
111000000011111111111111111111100000000000000011111111111111111111111111111111111111111111111111111
111000000001111111111111111111000000000000000011111111111111111111111111111111111111111111111111111
111100000001111111111111111111000000000000000011111111111111111111111111111111111111111111111111111
111100000011111111111111111110000000000000000111111111111111111111111111111111111111111111111111111
111000000001111111111111111110000000000000000111111111111111111111111111111111111111111111111111111
111000000001111111111111111100000000000000000111111111111111111111111111111111111111111111111111111
110000000000111111111111111100000000000000000111111111111111111111111111111111111111111111111111111
110000000000111111100000000000000000000000000111111111111111111111111111111111111111111111111111111
000000000000011110000000000000000000000000000011111111111111111111111111111111111111111111111111111
000000000000000000000000000000000000000000000011111111111111111111111111111111111111111111111111111
000000000000000000000000000000000000000000000001111111111111111111111111111111111111111111111111111
000000000000000000000000000000000000000000000001111111111111111111111111111111111111111111111111111
000000000000000000000000000000000000000000000001111111111111111111111111111111111111111111111111111
000000000000000000000000000000000000000000000001111111111111111111111111111111111111111111111111111
000000000000000000000000000000000000000000000001111111111111111111111111111111111111111111111111111
000000000000000000000000000000000000000000000001111111111111111111111111111111111111111111111111111
100000000000000000000000000000000000000000000001111111111111111111111111111111111111111111111111111
110000000000000000000000000000000000000000000001111111111111111111111111111111111111111111111111111
111000000000000000000000000000000000000000000001111111111111111111111111111111111111111111111111111
111100000000000000000000000000000000000000000000111111111111111111111111111111111111111111111111111
111110000000000000000000000000000000000000000000111111111111111111111111111111111111111111111111111
111111000000000000000000000000000000000000000000111111111111111111111111111111111111111111111111111
111111000000000000000000000000000000000000000000011111111111111111111111111111111111111111111111111
111110000000000000000000000000000000000000000000011111111111111111111111111111111111111111111111111
111110000000000000000000000000000000000000000000011111111111111111111111111111111111111111111111111
111110000000000000000000000000000000000000000000011111111111111111111111111111111111111111111111111
111110000000000000000000000000000000000000000000001111111111111111111111111111111111111111111111111
111110000000000000000000000000000000000000000000001111111111111111111111111111111111111111111111111
111111000000000000000000000000000000000000000000001111111111111111111111111111111111111111111111111
111111000000000000000000000000000000000000000000000111111111111111111111111111111111111111111111111
111111100000000000000000000000000000000000000000000111111111111111111111111111111111111111111111111
111111100000000000000000000000000000000000000000000111111111111111111111111111111111111111111111111
111110000000000000000000000000000000000000000000000011111111111111111111111111111111111111111111111
111000000000000000000000000000000000000000000000000011111111111111111111111111111111111111111111111
100000000000000000000000000000000000000000000000000011111111111111111111111111111111111111111111111
000000000000000000000000000000000000000000000000000011111111111111111111111111111111111111111111111
000000000000000000000000000000000000000000000000000001111111111111111111111111111111111111111111111
000000000000000000000000000000000000000000000000000001111111111111111111111111111111111111111111111
000000000000000000000000000000000000000000000000000001111111111111111111111111111111111111111111111
000000000000000000000000000000000000000000000000000000111111111111111111111111111111111111111111111
000000000000000000000000000000000000000000000000000000111111111111111111111111111111111111111111111
110000000000000000000000000000000000000000000000000000111111111111111111111111111111111111111111111
111000000000000000000000000000000000000000000000000000111111111111111111111111111111111111111111111
111100000000000000000000000000000000000000000000000000011111111111111111111111111111111111111111111
111110000000000000000000000000000000000000000000000000011111111111111111111111111111111111111111111
111111000000000000000000000000000000000000000000000000011111111111111111111111111111111111111111111
111111100000000000000000000000000000000000000000000000011111111111111111111111111111111111111111111
111111110000000000000000000000000000000000000000000000011111111111111111111111111111111111111111111
111111111000000000000000000000000000000000000000000000011111111111111111111111111111111111111111111
111111111100000000000000000000000000000000000000000000011111111111111111111111111111111111111111111
111111111110000000000000000000000000000000000000000000011111111111111111111111111111111111111111111
111111111111000000000000000000000000000000000000000000011111111111111111111111111111111111111111111
111111111111000000000000000000000000000000000000000000011111111111111111111111111111111111111111111
111111111111100000000000000000000000000000000000000000011111111111111111111111111111111111111111111
111111111111110000000000000000000000000000000000000000001111111111111111111111111111111111111111111
111111111111111000000000000000000000000000000000000000001111111111111111111111111111111111111111111
111111111111110000000000000000000000000000000000000000001111111111111111111111111111111111111111111
111111111111100000000000000000000000000000000000000000001111111111111111111111111111111111111111111
111111111111000000000000000000000000000000000000000000001111111111111111111111111111111111111111111
111111111100000000000000000000000000000000000000000000000111111111111111111111111111111111111111111
111111111000000000000000000000000000000000000000000000000111111111111111111111111111111111111111111
111111110000000000000000000000000000000000000000000000000011111111111111111111111111111111111111111
111111110000000000000000000000000000000000000000000000000011111111111111111111111111111111111111111
111111111000000000000000000000000000000000000000000000000011111111111111111111111111111111111111111
111111111000000000000000000000000000000000000000000000000001111111111111111111111111111111111111111
111111111000000000000000000000000000000000000000000000000001111111111111111111111111111111111111111
111111110000000000000000001110000000000000000000000000000001111111111111111111111111111111111111111
111111110000000000000000111111000000000000000000000000000001111111111111111111111111111111111111111
111111110000000000000001111111000000000000000000000000000001111111111111111111111111111111111111111
111111110000000000000111111100000000000000000000000000000001111111111111111111111111111111111111111
111111110000000000011111011000000000000000000000000000000000111111111111111111111111111111111111111
111111110000000000111110000000000000000000000000000000000000111111111111111111111111111111111111111
111111110000000000001110000000000000000000000000000000000000111111111111111111111111111111111111111
111111110000000000000000000000000000000000000000000000000000111111111111111111111111111111111111111